A5 A5 A5 A5 		A5 A5 A5 A5 	包头		1
FF 00 02 C3 		FF 00 02 C3 	数据类型		2
C8 00 00 00 		D0 01 00 00 	数据大小		3
01 00 00 00 		01 00 00 00 	目标有效		4
D0 07 00 00 		D0 07 00 00 	EIRP最大值		5
00 00 00 00 		00 00 00 00 	幅度距离		6
00 00 00 00 		00 00 00 00 	角度模拟		7
00 00 00 00 00 00 00 00 		00 00 00 00 00 00 00 00 	最长周期数		8
%目标1
00 00 00 00 		00 00 00 00 	目标1运动类型		9
01 00 00 00 		01 00 00 00 	目标1循环模式		10
00 00 00 00 00 00 00 00 周期数		00 00 00 00 00 00 00 00 	目标1周期数		11
00 00 00 00 00 00 00 00 加速度		00 00 00 00 00 00 00 00 	目标1加速度		12
00 00 00 00 00 00 00 00 k1		00 00 00 00 00 00 00 00 	目标1K1		13
00 00 00 00 00 00 00 00 k2		00 00 00 00 00 00 00 00 	目标1K2		14
00 00 00 00 00 00 00 00 k3		00 00 00 00 00 00 00 00 	目标1K3		15
30 01 00 00 H		30 01 00 00 	目标1H		16
50 C3 00 00 00 00 00 00 起始距离		50 C3 00 00 00 00 00 00 	目标1起始距离		17
00 00 00 00 00 00 00 00 结束距离		00 00 00 00 00 00 00 00 	目标1结束距离		18
20 4E 00 00 起始速度		00 00 00 00 	目标1起始速度		19
00 00 00 00 结束速度		00 00 00 00 	目标1结束速度		20
00 00 00 00 rcs		00 00 00 00 	目标1RCS		21
00 00 00 00 起始角度		00 00 00 00 	目标1起始角度		22
00 00 00 00 结束角度		00 00 00 00 	目标1结束角度		23
目标2
00 00 00 00
01 00 00 00
00 00 00 00 00 00 00 00
00 00 00 00 00 00 00 00
00 00 00 00 00 00 00 00
00 00 00 00 00 00 00 00
00 00 00 00 00 00 00 00
30 01 00 00 H
00 00 00 00 00 00 00 00
00 00 00 00 00 00 00 00
00 00 00 00
00 00 00 00
00 00 00 00
00 00 00 00
00 00 00 00
%目标3
00 00 00 00
01 00 00 00
00 00 00 00 00 00 00 00 周期数
00 00 00 00 00 00 00 00 加速度
00 00 00 00 00 00 00 00 k1
00 00 00 00 00 00 00 00 k2
00 00 00 00 00 00 00 00 k3
30 01 00 00 H
50 C3 00 00 00 00 00 00 起始距离
00 00 00 00 00 00 00 00 结束距离
20 4E 00 00 起始速度
00 00 00 00 结束速度
00 00 00 00 rcs
00 00 00 00 起始角度
00 00 00 00 结束角度
目标4
00 00 00 00
01 00 00 00
00 00 00 00 00 00 00 00
00 00 00 00 00 00 00 00
00 00 00 00 00 00 00 00
00 00 00 00 00 00 00 00
00 00 00 00 00 00 00 00
30 01 00 00 H
00 00 00 00 00 00 00 00
00 00 00 00 00 00 00 00
00 00 00 00
00 00 00 00
00 00 00 00
00 00 00 00
00 00 00 00
目标5
00 00 00 00
01 00 00 00
00 00 00 00 00 00 00 00
00 00 00 00 00 00 00 00
00 00 00 00 00 00 00 00
00 00 00 00 00 00 00 00
00 00 00 00 00 00 00 00
30 01 00 00 H
00 00 00 00 00 00 00 00
00 00 00 00 00 00 00 00
00 00 00 00
00 00 00 00
00 00 00 00
00 00 00 00
00 00 00 00
B5 B5 B5 B5
